0.0, 0.89032
0.1, 0.88595
0.2, 0.90893
0.3, 0.89617
0.4, 0.88249
0.5, 0.93128
0.6, 0.90789
0.7, 0.89127
0.8, 0.91535
0.9, 0.88963
1.0, 0.91705
1.1, 0.90822
1.2, 0.90679
1.3, 0.92139
1.4, 0.93153
1.5, 0.92920
1.6, 0.88697
1.7, 0.93273
1.8, 0.89975
1.9, 0.91007
2.0, 0.92042
2.1, 0.92878
2.2, 0.89770
2.3, 0.90095
2.4, 0.89379
2.5, 0.90495
2.6, 0.93632
2.7, 0.93843
2.8, 0.90979
2.9, 0.91794
3.0, 0.88410
3.1, 0.90615
3.2, 0.92936
3.3, 0.95733
3.4, 0.90379
3.5, 0.91519
3.6, 0.93442
3.7, 0.89360
3.8, 0.93641
3.9, 0.92663
4.0, 0.91407
4.1, 0.91227
4.2, 0.90630
4.3, 0.96462
4.4, 0.91597
4.5, 0.93835
4.6, 0.94502
4.7, 0.88431
4.8, 0.93952
4.9, 0.90409
5.0, 0.91460
5.1, 0.93987
5.2, 0.92040
5.3, 0.91019
5.4, 0.92412
5.5, 0.89239
5.6, 0.93383
5.7, 0.90074
5.8, 0.93457
5.9, 0.92140
6.0, 0.91852
6.1, 0.93043
6.2, 0.91792
6.3, 0.93125
6.4, 0.98781
6.5, 0.96575
6.6, 0.92897
6.7, 0.92469
6.8, 0.92564
6.9, 0.93225
7.0, 0.91901
7.1, 0.92822
7.2, 0.93270
7.3, 0.92199
7.4, 0.91640
7.5, 0.95754
7.6, 0.90615
7.7, 0.93441
7.8, 0.90705
7.9, 0.95750
8.0, 0.93211
8.1, 0.98759
8.2, 0.94383
8.3, 0.95472
8.4, 0.94308
8.5, 0.93911
8.6, 0.95292
8.7, 0.95292
8.8, 0.97200
8.9, 0.93693
9.0, 0.93273
9.1, 0.98784
9.2, 0.91613
9.3, 0.96640
9.4, 0.94594
9.5, 0.93525
9.6, 0.97022
9.7, 0.91494
9.8, 0.96033
9.9, 0.95739
10.0, 0.95347
10.1, 0.94582
10.2, 0.94893
10.3, 0.97727
10.4, 0.94811
10.5, 0.96320
10.6, 0.94147
10.7, 0.98665
10.8, 0.92517
10.9, 0.92860
11.0, 0.94777
11.1, 0.95972
11.2, 0.90711
11.3, 0.96421
11.4, 0.93029
11.5, 0.92596
11.6, 0.93757
11.7, 0.94876
11.8, 0.94584
11.9, 0.96594
12.0, 0.95918
12.1, 0.96204
12.2, 0.96049
12.3, 0.96160
12.4, 0.95539
12.5, 0.96147
12.6, 0.94655
12.7, 0.95957
12.8, 0.98295
12.9, 0.93404
13.0, 0.94621
13.1, 0.98107
13.2, 0.94544
13.3, 0.94025
13.4, 0.95408
13.5, 0.94890
13.6, 0.97281
13.7, 0.92719
13.8, 0.97346
13.9, 0.94536
14.0, 0.93997
14.1, 0.96014
14.2, 0.95840
14.3, 0.91859
14.4, 0.96770
14.5, 0.95450
14.6, 0.96324
14.7, 0.93622
14.8, 0.95757
14.9, 0.95656
15.0, 0.95622
15.1, 0.98490
15.2, 0.96719
15.3, 0.94508
15.4, 0.96334
15.5, 0.95974
15.6, 0.97319
15.7, 0.93567
15.8, 0.97324
15.9, 0.93493
16.0, 0.96317
16.1, 0.96699
16.2, 0.95277
16.3, 0.98185
16.4, 0.97390
16.5, 0.95262
16.6, 0.93766
16.7, 0.94418
16.8, 0.93082
16.9, 0.97614
17.0, 0.98945
17.1, 0.95222
17.2, 0.94129
17.3, 0.96022
17.4, 0.96146
17.5, 0.96615
17.6, 0.95200
17.7, 0.97352
17.8, 0.98147
17.9, 0.96621
18.0, 0.94385
18.1, 0.97623
18.2, 0.98901
18.3, 0.93401
18.4, 0.94173
18.5, 0.94782
18.6, 0.95549
18.7, 0.96775
18.8, 0.98895
18.9, 0.95882
19.0, 0.94434
19.1, 0.97994
19.2, 0.97389
19.3, 0.96609
19.4, 0.95441
19.5, 0.95330
19.6, 0.95673
19.7, 0.95616
19.8, 0.93362
19.9, 0.98352
20.0, 0.97840
20.1, 0.96749
20.2, 0.95320
20.3, 0.96952
20.4, 0.97549
20.5, 0.92794
20.6, 0.95374
20.7, 0.97643
20.8, 0.98144
20.9, 0.95411
21.0, 0.97074
21.1, 0.96745
21.2, 0.97944
21.3, 0.98788
21.4, 0.92168
21.5, 0.98297
21.6, 0.95839
21.7, 0.97818
21.8, 0.93735
21.9, 0.97238
22.0, 0.94812
22.1, 0.97017
22.2, 0.96150
22.3, 0.93233
22.4, 0.96526
22.5, 0.95083
22.6, 0.91965
22.7, 0.96461
22.8, 0.98066
22.9, 0.95534
23.0, 0.96052
23.1, 0.99094
23.2, 0.97261
23.3, 0.96791
23.4, 0.96021
23.5, 0.97950
23.6, 0.95138
23.7, 0.94223
23.8, 0.96363
23.9, 0.96717
24.0, 0.94721
24.1, 0.98059
24.2, 0.98804
24.3, 0.95095
24.4, 0.94528
24.5, 0.94809
24.6, 0.98418
24.7, 0.93170
24.8, 0.95295
24.9, 0.96251
25.0, 0.93925
25.1, 0.94558
25.2, 0.96718
25.3, 0.91576
25.4, 0.95694
25.5, 0.92965
25.6, 0.95966
25.7, 0.94557
25.8, 0.92186
25.9, 0.92019
26.0, 0.96929
26.1, 0.95821
26.2, 0.94486
26.3, 0.95215
26.4, 0.95959
26.5, 0.96535
26.6, 0.94363
26.7, 0.91945
26.8, 0.93927
26.9, 0.95700
27.0, 0.94811
27.1, 0.94496
27.2, 0.95142
27.3, 0.95915
27.4, 0.95535
27.5, 0.96549
27.6, 0.92638
27.7, 0.97573
27.8, 0.93962
27.9, 0.92734
28.0, 0.93195
28.1, 0.94936
28.2, 0.96361
28.3, 0.91825
28.4, 0.94757
28.5, 0.94321
28.6, 0.98077
28.7, 0.91662
28.8, 0.94878
28.9, 0.95512
29.0, 0.92028
29.1, 0.95553
29.2, 0.93641
29.3, 0.93839
29.4, 0.93540
29.5, 0.93137
29.6, 0.94966
29.7, 0.93331
29.8, 0.96112
29.9, 0.93707
30.0, 0.95240
30.1, 0.90735
30.2, 0.94969
30.3, 0.94703
30.4, 0.94512
30.5, 0.93842
30.6, 0.96424
30.7, 0.92463
30.8, 0.92257
30.9, 0.93615
31.0, 0.95082
31.1, 0.93607
31.2, 0.93635
31.3, 0.93661
31.4, 0.94597
31.5, 0.92090
31.6, 0.92372
31.7, 0.93893
31.8, 0.93726
31.9, 0.91603
32.0, 0.91456
32.1, 0.93576
32.2, 0.91793
32.3, 0.94331
32.4, 0.89763
32.5, 0.91664
32.6, 0.94107
32.7, 0.93245
32.8, 0.89227
32.9, 0.89106
33.0, 0.91212
33.1, 0.92065
33.2, 0.93464
33.3, 0.93071
33.4, 0.92987
33.5, 0.88965
33.6, 0.91692
33.7, 0.91128
33.8, 0.93842
33.9, 0.89809
34.0, 0.91331
34.1, 0.90379
34.2, 0.90394
34.3, 0.90919
34.4, 0.90175
34.5, 0.91086
34.6, 0.94056
34.7, 0.92917
34.8, 0.88898
34.9, 0.87744
35.0, 0.92367
35.1, 0.89703
35.2, 0.88095
35.3, 0.88696
35.4, 0.91465
35.5, 0.89573
35.6, 0.92482
35.7, 0.89206
35.8, 0.87508
35.9, 0.88292
36.0, 0.92933
36.1, 0.89540
36.2, 0.87992
36.3, 0.89644
36.4, 0.86985
36.5, 0.89200
36.6, 0.90516
36.7, 0.87082
36.8, 0.90108
36.9, 0.89497
37.0, 0.89257
37.1, 0.86968
37.2, 0.88958
37.3, 0.88483
37.4, 0.88157
37.5, 0.87612
37.6, 0.89433
37.7, 0.86962
37.8, 0.87612
37.9, 0.90415
38.0, 0.89487
38.1, 0.89686
38.2, 0.90354
38.3, 0.88851
38.4, 0.89691
38.5, 0.90484
38.6, 0.86750
38.7, 0.86603
38.8, 0.89497
38.9, 0.86135
39.0, 0.87003
39.1, 0.87815
39.2, 0.86454
39.3, 0.87914
39.4, 0.87907
39.5, 0.86078
39.6, 0.88530
39.7, 0.91507
39.8, 0.89790
39.9, 0.85551
40.0, 0.88296
40.1, 0.87636
40.2, 0.87105
40.3, 0.86200
40.4, 0.88341
40.5, 0.85937
40.6, 0.89696
40.7, 0.88386
40.8, 0.86377
40.9, 0.86837
41.0, 0.87157
41.1, 0.85411
41.2, 0.86432
41.3, 0.86335
41.4, 0.85743
41.5, 0.85833
41.6, 0.85431
41.7, 0.89379
41.8, 0.87859
41.9, 0.83568
42.0, 0.83041
42.1, 0.87262
42.2, 0.83753
42.3, 0.86909
42.4, 0.83417
42.5, 0.85714
42.6, 0.87509
42.7, 0.84524
42.8, 0.86840
42.9, 0.85294
43.0, 0.86741
43.1, 0.85321
43.2, 0.85344
43.3, 0.85938
43.4, 0.83586
43.5, 0.86429
43.6, 0.85058
43.7, 0.82364
43.8, 0.85860
43.9, 0.85344
44.0, 0.84014
44.1, 0.86018
44.2, 0.79389
44.3, 0.82516
44.4, 0.81014
44.5, 0.81720
44.6, 0.80639
44.7, 0.81728
44.8, 0.82456
44.9, 0.80427
45.0, 0.78083
45.1, 0.82678
45.2, 0.82833
45.3, 0.78377
45.4, 0.80863
45.5, 0.80873
45.6, 0.80354
45.7, 0.78844
45.8, 0.81985
45.9, 0.78950
46.0, 0.81440
46.1, 0.81551
46.2, 0.78477
46.3, 0.81357
46.4, 0.80400
46.5, 0.80223
46.6, 0.82346
46.7, 0.81902
46.8, 0.84304
46.9, 0.77415
47.0, 0.77795
47.1, 0.81071
47.2, 0.80290
47.3, 0.77853
47.4, 0.79889
47.5, 0.77420
47.6, 0.79347
47.7, 0.78354
47.8, 0.81989
47.9, 0.78368
48.0, 0.75341
48.1, 0.80996
48.2, 0.77916
48.3, 0.78731
48.4, 0.78599
48.5, 0.77729
48.6, 0.76651
48.7, 0.77261
48.8, 0.75641
48.9, 0.74949
49.0, 0.76452
49.1, 0.77247
49.2, 0.78828
49.3, 0.78284
49.4, 0.78606
49.5, 0.76514
49.6, 0.78033
49.7, 0.76864
49.8, 0.79156
49.9, 0.77451
50.0, 0.72811
50.1, 0.72887
50.2, 0.74198
50.3, 0.71381
50.4, 0.76062
50.5, 0.79041
50.6, 0.77459
50.7, 0.73468
50.8, 0.76125
50.9, 0.75799
51.0, 0.74432
51.1, 0.74224
51.2, 0.75914
51.3, 0.73821
51.4, 0.71514
51.5, 0.75729
51.6, 0.76849
51.7, 0.75125
51.8, 0.73710
51.9, 0.72953
52.0, 0.72890
52.1, 0.70296
52.2, 0.70415
52.3, 0.74179
52.4, 0.72663
52.5, 0.69812
52.6, 0.73417
52.7, 0.72206
52.8, 0.76091
52.9, 0.71705
53.0, 0.70660
53.1, 0.72221
53.2, 0.70522
53.3, 0.72054
53.4, 0.71291
53.5, 0.72015
53.6, 0.73257
53.7, 0.75557
53.8, 0.69679
53.9, 0.71511
54.0, 0.72134
54.1, 0.68855
54.2, 0.70958
54.3, 0.70526
54.4, 0.70685
54.5, 0.68377
54.6, 0.70434
54.7, 0.70873
54.8, 0.70918
54.9, 0.69029
55.0, 0.71783
55.1, 0.68127
55.2, 0.69156
55.3, 0.71580
55.4, 0.68100
55.5, 0.66160
55.6, 0.67897
55.7, 0.66756
55.8, 0.66156
55.9, 0.64529
56.0, 0.67290
56.1, 0.70758
56.2, 0.65997
56.3, 0.65452
56.4, 0.69679
56.5, 0.66119
56.6, 0.65757
56.7, 0.68429
56.8, 0.65576
56.9, 0.68103
57.0, 0.65496
57.1, 0.66628
57.2, 0.65555
57.3, 0.67361
57.4, 0.63108
57.5, 0.65654
57.6, 0.65755
57.7, 0.64724
57.8, 0.68712
57.9, 0.65372
58.0, 0.63338
58.1, 0.63585
58.2, 0.64365
58.3, 0.62631
58.4, 0.62287
58.5, 0.64991
58.6, 0.62665
58.7, 0.60976
58.8, 0.63802
58.9, 0.62201
59.0, 0.63892
59.1, 0.62949
59.2, 0.63382
59.3, 0.65578
59.4, 0.64288
59.5, 0.61980
59.6, 0.62436
59.7, 0.64188
59.8, 0.62038
59.9, 0.60064
60.0, 0.61236
60.1, 0.62565
60.2, 0.60809
60.3, 0.61516
60.4, 0.61635
60.5, 0.59635
60.6, 0.60555
60.7, 0.61376
60.8, 0.58236
60.9, 0.61249
61.0, 0.62735
61.1, 0.59656
61.2, 0.61801
61.3, 0.58648
61.4, 0.58844
61.5, 0.60892
61.6, 0.58507
61.7, 0.55607
61.8, 0.57795
61.9, 0.62498
62.0, 0.56893
62.1, 0.57207
62.2, 0.56362
62.3, 0.57264
62.4, 0.58518
62.5, 0.57950
62.6, 0.58397
62.7, 0.54169
62.8, 0.54741
62.9, 0.55474
63.0, 0.57130
63.1, 0.58277
63.2, 0.58189
63.3, 0.53240
63.4, 0.55857
63.5, 0.54630
63.6, 0.55034
63.7, 0.54258
63.8, 0.53849
63.9, 0.55265
64.0, 0.54539
64.1, 0.52756
64.2, 0.55821
64.3, 0.52583
64.4, 0.53768
64.5, 0.53828
64.6, 0.52795
64.7, 0.52148
64.8, 0.52991
64.9, 0.53215
65.0, 0.52596
65.1, 0.51066
65.2, 0.53181
65.3, 0.53833
65.4, 0.51633
65.5, 0.50946
65.6, 0.50980
65.7, 0.53964
65.8, 0.53731
65.9, 0.50222
66.0, 0.50919
66.1, 0.50392
66.2, 0.49913
66.3, 0.50451
66.4, 0.48993
66.5, 0.52491
66.6, 0.50041
66.7, 0.49360
66.8, 0.48794
66.9, 0.49885
67.0, 0.49273
67.1, 0.49361
67.2, 0.50613
67.3, 0.50214
67.4, 0.48250
67.5, 0.46901
67.6, 0.46456
67.7, 0.49244
67.8, 0.49425
67.9, 0.47903
68.0, 0.46862
68.1, 0.47920
68.2, 0.46254
68.3, 0.43198
68.4, 0.47409
68.5, 0.48097
68.6, 0.47722
68.7, 0.46885
68.8, 0.45630
68.9, 0.47732
69.0, 0.46096
69.1, 0.47019
69.2, 0.45601
69.3, 0.46278
69.4, 0.43418
69.5, 0.47294
69.6, 0.44252
69.7, 0.41553
69.8, 0.42904
69.9, 0.47070
70.0, 0.42915
70.1, 0.43412
70.2, 0.48609
70.3, 0.42510
70.4, 0.41322
70.5, 0.43742
70.6, 0.40168
70.7, 0.41113
70.8, 0.40288
70.9, 0.43437
71.0, 0.40302
71.1, 0.39187
71.2, 0.39121
71.3, 0.41311
71.4, 0.38042
71.5, 0.44444
71.6, 0.43246
71.7, 0.39412
71.8, 0.40446
71.9, 0.39860
72.0, 0.40625
72.1, 0.37521
72.2, 0.40724
72.3, 0.38497
72.4, 0.38178
72.5, 0.40125
72.6, 0.41573
72.7, 0.37336
72.8, 0.36917
72.9, 0.38205
73.0, 0.38532
73.1, 0.39121
73.2, 0.36089
73.3, 0.39684
73.4, 0.35709
73.5, 0.39001
73.6, 0.38017
73.7, 0.36323
73.8, 0.34517
73.9, 0.35180
74.0, 0.36080
74.1, 0.34107
74.2, 0.38109
74.3, 0.34723
74.4, 0.34939
74.5, 0.33622
74.6, 0.35850
74.7, 0.33938
74.8, 0.38314
74.9, 0.36675
75.0, 0.32524
75.1, 0.35070
75.2, 0.30692
75.3, 0.33153
75.4, 0.33994
75.5, 0.29598
75.6, 0.32944
75.7, 0.32408
75.8, 0.31487
75.9, 0.33096
76.0, 0.33215
76.1, 0.30999
76.2, 0.30878
76.3, 0.33539
76.4, 0.32221
76.5, 0.32831
76.6, 0.28989
76.7, 0.29605
76.8, 0.30387
76.9, 0.29020
77.0, 0.32103
77.1, 0.28819
77.2, 0.28059
77.3, 0.28997
77.4, 0.28787
77.5, 0.26639
77.6, 0.27923
77.7, 0.32682
77.8, 0.29186
77.9, 0.30622
78.0, 0.29703
78.1, 0.32399
78.2, 0.23740
78.3, 0.28279
78.4, 0.27519
78.5, 0.28336
78.6, 0.26661
78.7, 0.27476
78.8, 0.24505
78.9, 0.21168
79.0, 0.24334
79.1, 0.20737
79.2, 0.23787
79.3, 0.26506
79.4, 0.23031
79.5, 0.23335
79.6, 0.23826
79.7, 0.26204
79.8, 0.23921
79.9, 0.25631
80.0, 0.26050
80.1, 0.23472
80.2, 0.23370
80.3, 0.23038
80.4, 0.26446
80.5, 0.24151
80.6, 0.25070
80.7, 0.20827
80.8, 0.22260
80.9, 0.21196
81.0, 0.20776
81.1, 0.20156
81.2, 0.18788
81.3, 0.23429
81.4, 0.22737
81.5, 0.23659
81.6, 0.20120
81.7, 0.21704
81.8, 0.19111
81.9, 0.17604
82.0, 0.19022
82.1, 0.19356
82.2, 0.20199
82.3, 0.17655
82.4, 0.22193
82.5, 0.17972
82.6, 0.13059
82.7, 0.16169
82.8, 0.16991
82.9, 0.17962
83.0, 0.19220
83.1, 0.16816
83.2, 0.13946
83.3, 0.15342
83.4, 0.17077
83.5, 0.15102
83.6, 0.17243
83.7, 0.14324
83.8, 0.15549
83.9, 0.13009
84.0, 0.16419
84.1, 0.12971
84.2, 0.14926
84.3, 0.15629
84.4, 0.14287
84.5, 0.16103
84.6, 0.16211
84.7, 0.14872
84.8, 0.11337
84.9, 0.12631
85.0, 0.16978
85.1, 0.10467
85.2, 0.14397
85.3, 0.12089
85.4, 0.15520
85.5, 0.13884
85.6, 0.12207
85.7, 0.10620
85.8, 0.09926
85.9, 0.10927
86.0, 0.09346
86.1, 0.11534
86.2, 0.11577
86.3, 0.10879
86.4, 0.10019
86.5, 0.09751
86.6, 0.09372
86.7, 0.10566
86.8, 0.10261
86.9, 0.09694
87.0, 0.11023
87.1, 0.09324
87.2, 0.09062
87.3, 0.06187
87.4, 0.09214
87.5, 0.06732
87.6, 0.05965
87.7, 0.05235
87.8, 0.07946
87.9, 0.08102
88.0, 0.05985
88.1, 0.06799
88.2, 0.08110
88.3, 0.03129
88.4, 0.04585
88.5, 0.05771
88.6, 0.06389
88.7, 0.06675
88.8, 0.05489
88.9, 0.04455
89.0, 0.06340
89.1, 0.05871
89.2, 0.04207
89.3, 0.05601
89.4, 0.04991
89.5, 0.02797
89.6, 0.00423
89.7, 0.03927
89.8, 0.01621
89.9, 0.04657
90.0, 0.01216
90.1, 0.04008
90.2, 0.04692
90.3, 0.02684
90.4, 0.02641
90.5, 0.02808
90.6, 0.04785
90.7, 0.03477
90.8, 0.02419
90.9, 0.03849
91.0, 0.03998
91.1, 0.04139
91.2, 0.05970
91.3, 0.04788
91.4, 0.04642
91.5, 0.01900
91.6, 0.02309
91.7, 0.00634
91.8, 0.06768
91.9, 0.04194
92.0, 0.02334
92.1, 0.03971
92.2, 0.04067
92.3, 0.05262
92.4, 0.05856
92.5, 0.08267
92.6, 0.07013
92.7, 0.01865
92.8, 0.03449
92.9, 0.07724
93.0, 0.05148
93.1, 0.04984
93.2, 0.06417
93.3, 0.01390
93.4, 0.04232
93.5, 0.08180
93.6, 0.05508
93.7, 0.08868
93.8, 0.06557
93.9, 0.05376
94.0, 0.07470
94.1, 0.04707
94.2, 0.04934
94.3, 0.06502
94.4, 0.04066
94.5, 0.08721
94.6, 0.04553
94.7, 0.06055
94.8, 0.10924
94.9, 0.07693
95.0, 0.08421
95.1, 0.05630
95.2, 0.05287
95.3, 0.06327
95.4, 0.07645
95.5, 0.09515
95.6, 0.07813
95.7, 0.07962
95.8, 0.05968
95.9, 0.11240
96.0, 0.08247
96.1, 0.07480
96.2, 0.10232
96.3, 0.03946
96.4, 0.09123
96.5, 0.05347
96.6, 0.04777
96.7, 0.10086
96.8, 0.09016
96.9, 0.09795
97.0, 0.08172
97.1, 0.11163
97.2, 0.05842
97.3, 0.08367
97.4, 0.09401
97.5, 0.10738
97.6, 0.09411
97.7, 0.10356
97.8, 0.09573
97.9, 0.07058
98.0, 0.10516
98.1, 0.09390
98.2, 0.09863
98.3, 0.08229
98.4, 0.09411
98.5, 0.09901
98.6, 0.10963
98.7, 0.12352
98.8, 0.09693
98.9, 0.10708
99.0, 0.07993
99.1, 0.11853
99.2, 0.13546
99.3, 0.09727
99.4, 0.07014
99.5, 0.11606
99.6, 0.12570
99.7, 0.11330
99.8, 0.12057
99.9, 0.11996
100.0, 0.13597
100.1, 0.11203
100.2, 0.11032
100.3, 0.14775
100.4, 0.12546
100.5, 0.11064
100.6, 0.13403
100.7, 0.11592
100.8, 0.13225
100.9, 0.14166
101.0, 0.11891
101.1, 0.12606
101.2, 0.08831
101.3, 0.14476
101.4, 0.11890
101.5, 0.09704
101.6, 0.12897
101.7, 0.13007
101.8, 0.14324
101.9, 0.15016
102.0, 0.12896
102.1, 0.16737
102.2, 0.14370
102.3, 0.13518
102.4, 0.16620
102.5, 0.13373
102.6, 0.14727
102.7, 0.14665
102.8, 0.14562
102.9, 0.17681
103.0, 0.14824
103.1, 0.16248
103.2, 0.19273
103.3, 0.15830
103.4, 0.16055
103.5, 0.17538
103.6, 0.14989
103.7, 0.15490
103.8, 0.18293
103.9, 0.18510
104.0, 0.15497
104.1, 0.17121
104.2, 0.15465
104.3, 0.15054
104.4, 0.16163
104.5, 0.17465
104.6, 0.17629
104.7, 0.13715
104.8, 0.14599
104.9, 0.16301
105.0, 0.15984
105.1, 0.14818
105.2, 0.16219
105.3, 0.19812
105.4, 0.16255
105.5, 0.17045
105.6, 0.16176
105.7, 0.18119
105.8, 0.18389
105.9, 0.16724
106.0, 0.16942
106.1, 0.15780
106.2, 0.17032
106.3, 0.16582
106.4, 0.18536
106.5, 0.20413
106.6, 0.17654
106.7, 0.19129
106.8, 0.18335
106.9, 0.19725
107.0, 0.20543
107.1, 0.17458
107.2, 0.17219
107.3, 0.18250
107.4, 0.15097
107.5, 0.14338
107.6, 0.21080
107.7, 0.19868
107.8, 0.18135
107.9, 0.18551
108.0, 0.17967
108.1, 0.18111
108.2, 0.18947
108.3, 0.17178
108.4, 0.20302
108.5, 0.19951
108.6, 0.22054
108.7, 0.19292
108.8, 0.21656
108.9, 0.20097
109.0, 0.19742
109.1, 0.19827
109.2, 0.22650
109.3, 0.17633
109.4, 0.20075
109.5, 0.20975
109.6, 0.20416
109.7, 0.22718
109.8, 0.20682
109.9, 0.21254
110.0, 0.20745
110.1, 0.20463
110.2, 0.25309
110.3, 0.25312
110.4, 0.21024
110.5, 0.23699
110.6, 0.23628
110.7, 0.20438
110.8, 0.22921
110.9, 0.21529
111.0, 0.21671
111.1, 0.21596
111.2, 0.24139
111.3, 0.23926
111.4, 0.21170
111.5, 0.22421
111.6, 0.24342
111.7, 0.23122
111.8, 0.22970
111.9, 0.23851
112.0, 0.22518
112.1, 0.23641
112.2, 0.24293
112.3, 0.23162
112.4, 0.23250
112.5, 0.23812
112.6, 0.24332
112.7, 0.24589
112.8, 0.23797
112.9, 0.24475
113.0, 0.23512
113.1, 0.24084
113.2, 0.23160
113.3, 0.23789
113.4, 0.25403
113.5, 0.27184
113.6, 0.26383
113.7, 0.24634
113.8, 0.25335
113.9, 0.24896
114.0, 0.21053
114.1, 0.24627
114.2, 0.26028
114.3, 0.22675
114.4, 0.27371
114.5, 0.27508
114.6, 0.23672
114.7, 0.26807
114.8, 0.23102
114.9, 0.25549
115.0, 0.22790
115.1, 0.27504
115.2, 0.27757
115.3, 0.26204
115.4, 0.25005
115.5, 0.25208
115.6, 0.27572
115.7, 0.27041
115.8, 0.29082
115.9, 0.28674
116.0, 0.24005
116.1, 0.28637
116.2, 0.24891
116.3, 0.26880
116.4, 0.28338
116.5, 0.28320
116.6, 0.26974
116.7, 0.26867
116.8, 0.25122
116.9, 0.27640
117.0, 0.28005
117.1, 0.28546
117.2, 0.26564
117.3, 0.28679
117.4, 0.33667
117.5, 0.30742
117.6, 0.26045
117.7, 0.25139
117.8, 0.32717
117.9, 0.31241
118.0, 0.27197
118.1, 0.29458
118.2, 0.30809
118.3, 0.30850
118.4, 0.30090
118.5, 0.29702
118.6, 0.27687
118.7, 0.31994
118.8, 0.30983
118.9, 0.31887
119.0, 0.29108
119.1, 0.31137
119.2, 0.33435
119.3, 0.32854
119.4, 0.31051
119.5, 0.29485
119.6, 0.27476
119.7, 0.31610
119.8, 0.29852
119.9, 0.30375
120.0, 0.28964
120.1, 0.33488
120.2, 0.30102
120.3, 0.32024
120.4, 0.33913
120.5, 0.28737
120.6, 0.32405
120.7, 0.31802
120.8, 0.32900
120.9, 0.30841
121.0, 0.33059
121.1, 0.36378
121.2, 0.32522
121.3, 0.33723
121.4, 0.30586
121.5, 0.37425
121.6, 0.31142
121.7, 0.34304
121.8, 0.32792
121.9, 0.34320
122.0, 0.33151
122.1, 0.35733
122.2, 0.37062
122.3, 0.33277
122.4, 0.33683
122.5, 0.33658
122.6, 0.34958
122.7, 0.34670
122.8, 0.33703
122.9, 0.34412
123.0, 0.33690
123.1, 0.35588
123.2, 0.34578
123.3, 0.34532
123.4, 0.32866
123.5, 0.34317
123.6, 0.36928
123.7, 0.35292
123.8, 0.36048
123.9, 0.37692
124.0, 0.37497
124.1, 0.36611
124.2, 0.35669
124.3, 0.36027
124.4, 0.36289
124.5, 0.34547
124.6, 0.37359
124.7, 0.36841
124.8, 0.37351
124.9, 0.35716
125.0, 0.34378
125.1, 0.37974
125.2, 0.35239
125.3, 0.39181
125.4, 0.33685
125.5, 0.36351
125.6, 0.40236
125.7, 0.34981
125.8, 0.39636
125.9, 0.36949
126.0, 0.37676
126.1, 0.35687
126.2, 0.39202
126.3, 0.34778
126.4, 0.36250
126.5, 0.36891
126.6, 0.38881
126.7, 0.39707
126.8, 0.37648
126.9, 0.33837
127.0, 0.40032
127.1, 0.36557
127.2, 0.41357
127.3, 0.42999
127.4, 0.37073
127.5, 0.38982
127.6, 0.35856
127.7, 0.37838
127.8, 0.39942
127.9, 0.41628
128.0, 0.43696
128.1, 0.43161
128.2, 0.40668
128.3, 0.40613
128.4, 0.39268
128.5, 0.41163
128.6, 0.37569
128.7, 0.37955
128.8, 0.39200
128.9, 0.46627
129.0, 0.38686
129.1, 0.39385
129.2, 0.41482
129.3, 0.39572
129.4, 0.42335
129.5, 0.40058
129.6, 0.41047
129.7, 0.39692
129.8, 0.41582
129.9, 0.41157
130.0, 0.42997
130.1, 0.40607
130.2, 0.39347
130.3, 0.43425
130.4, 0.40689
130.5, 0.44732
130.6, 0.41683
130.7, 0.42491
130.8, 0.42331
130.9, 0.45047
131.0, 0.41636
131.1, 0.42192
131.2, 0.40889
131.3, 0.42077
131.4, 0.42051
131.5, 0.44415
131.6, 0.46792
131.7, 0.43932
131.8, 0.43199
131.9, 0.42218
132.0, 0.43314
132.1, 0.43523
132.2, 0.42679
132.3, 0.45795
132.4, 0.44485
132.5, 0.44338
132.6, 0.42062
132.7, 0.43814
132.8, 0.45228
132.9, 0.44015
133.0, 0.45499
133.1, 0.43784
133.2, 0.44602
133.3, 0.43054
133.4, 0.48589
133.5, 0.48608
133.6, 0.44797
133.7, 0.46570
133.8, 0.47275
133.9, 0.47837
134.0, 0.46214
134.1, 0.47180
134.2, 0.46917
134.3, 0.48308
134.4, 0.46726
134.5, 0.46348
134.6, 0.45787
134.7, 0.45808
134.8, 0.47828
134.9, 0.45761
135.0, 0.47909
135.1, 0.49020
135.2, 0.50412
135.3, 0.47242
135.4, 0.43968
135.5, 0.49192
135.6, 0.48530
135.7, 0.45683
135.8, 0.46550
135.9, 0.47849
136.0, 0.50177
136.1, 0.49190
136.2, 0.47091
136.3, 0.48738
136.4, 0.47572
136.5, 0.48608
136.6, 0.46907
136.7, 0.48466
136.8, 0.49341
136.9, 0.48629
137.0, 0.45488
137.1, 0.49239
137.2, 0.50033
137.3, 0.52030
137.4, 0.50021
137.5, 0.48741
137.6, 0.50951
137.7, 0.51319
137.8, 0.49820
137.9, 0.51799
138.0, 0.48234
138.1, 0.49506
138.2, 0.50338
138.3, 0.54067
138.4, 0.51549
138.5, 0.49835
138.6, 0.47286
138.7, 0.51732
138.8, 0.47525
138.9, 0.50210
139.0, 0.50976
139.1, 0.48232
139.2, 0.51993
139.3, 0.48555
139.4, 0.51712
139.5, 0.54846
139.6, 0.51165
139.7, 0.53725
139.8, 0.52696
139.9, 0.55277
140.0, 0.55190
140.1, 0.52401
140.2, 0.53729
140.3, 0.53229
140.4, 0.52722
140.5, 0.51787
140.6, 0.53844
140.7, 0.54765
140.8, 0.52884
140.9, 0.52833
141.0, 0.55861
141.1, 0.55716
141.2, 0.53626
141.3, 0.53959
141.4, 0.52346
141.5, 0.54370
141.6, 0.54001
141.7, 0.55555
141.8, 0.54821
141.9, 0.56699
142.0, 0.54242
142.1, 0.53115
142.2, 0.55310
142.3, 0.55402
142.4, 0.53908
142.5, 0.57429
142.6, 0.55033
142.7, 0.57857
142.8, 0.55143
142.9, 0.55421
143.0, 0.55525
143.1, 0.53020
143.2, 0.57386
143.3, 0.55493
143.4, 0.56420
143.5, 0.59817
143.6, 0.54443
143.7, 0.53081
143.8, 0.52010
143.9, 0.57138
144.0, 0.58539
144.1, 0.57420
144.2, 0.55465
144.3, 0.57140
144.4, 0.57816
144.5, 0.59098
144.6, 0.60768
144.7, 0.57804
144.8, 0.58334
144.9, 0.57839
145.0, 0.57088
145.1, 0.59055
145.2, 0.58627
145.3, 0.57534
145.4, 0.59618
145.5, 0.60084
145.6, 0.59109
145.7, 0.58828
145.8, 0.56334
145.9, 0.56638
146.0, 0.56884
146.1, 0.62327
146.2, 0.61470
146.3, 0.60521
146.4, 0.58980
146.5, 0.59361
146.6, 0.58520
146.7, 0.57610
146.8, 0.57403
146.9, 0.61116
147.0, 0.61363
147.1, 0.59936
147.2, 0.58531
147.3, 0.61883
147.4, 0.59725
147.5, 0.59527
147.6, 0.61849
147.7, 0.65196
147.8, 0.61092
147.9, 0.59453
148.0, 0.61119
148.1, 0.61435
148.2, 0.64928
148.3, 0.63628
148.4, 0.65122
148.5, 0.60161
148.6, 0.65416
148.7, 0.62267
148.8, 0.60902
148.9, 0.61642
149.0, 0.61198
149.1, 0.60584
149.2, 0.63479
149.3, 0.63298
149.4, 0.65794
149.5, 0.64340
149.6, 0.62287
149.7, 0.62086
149.8, 0.65681
149.9, 0.61302
150.0, 0.61074
150.1, 0.68174
150.2, 0.64426
150.3, 0.62856
150.4, 0.66679
150.5, 0.66650
150.6, 0.61047
150.7, 0.65418
150.8, 0.61915
150.9, 0.64707
151.0, 0.66786
151.1, 0.61829
151.2, 0.66761
151.3, 0.64145
151.4, 0.64795
151.5, 0.62132
151.6, 0.66991
151.7, 0.65849
151.8, 0.65285
151.9, 0.63756
152.0, 0.65043
152.1, 0.65446
152.2, 0.65053
152.3, 0.66125
152.4, 0.65729
152.5, 0.63844
152.6, 0.64710
152.7, 0.65571
152.8, 0.66666
152.9, 0.66787
153.0, 0.65730
153.1, 0.64783
153.2, 0.66957
153.3, 0.67876
153.4, 0.64369
153.5, 0.67161
153.6, 0.67590
153.7, 0.66109
153.8, 0.64635
153.9, 0.68054
154.0, 0.68204
154.1, 0.68538
154.2, 0.67806
154.3, 0.68523
154.4, 0.67944
154.5, 0.67081
154.6, 0.68137
154.7, 0.67303
154.8, 0.64734
154.9, 0.67093
155.0, 0.65444
155.1, 0.70353
155.2, 0.72518
155.3, 0.69048
155.4, 0.68295
155.5, 0.70849
155.6, 0.67068
155.7, 0.69464
155.8, 0.68826
155.9, 0.71203
156.0, 0.69648
156.1, 0.71939
156.2, 0.67881
156.3, 0.69055
156.4, 0.67583
156.5, 0.72935
156.6, 0.68059
156.7, 0.68587
156.8, 0.72149
156.9, 0.69707
157.0, 0.68125
157.1, 0.69870
157.2, 0.72008
157.3, 0.71679
157.4, 0.72125
157.5, 0.71726
157.6, 0.71620
157.7, 0.70327
157.8, 0.67117
157.9, 0.71799
158.0, 0.72023
158.1, 0.73714
158.2, 0.71430
158.3, 0.69423
158.4, 0.69919
158.5, 0.71629
158.6, 0.72101
158.7, 0.73120
158.8, 0.72960
158.9, 0.72005
159.0, 0.72649
159.1, 0.74572
159.2, 0.71402
159.3, 0.71889
159.4, 0.77225
159.5, 0.71760
159.6, 0.73403
159.7, 0.75003
159.8, 0.73379
159.9, 0.71235
160.0, 0.71886
160.1, 0.71900
160.2, 0.76727
160.3, 0.74852
160.4, 0.74700
160.5, 0.76332
160.6, 0.71735
160.7, 0.74693
160.8, 0.75514
160.9, 0.76782
161.0, 0.76754
161.1, 0.72293
161.2, 0.72553
161.3, 0.76140
161.4, 0.76570
161.5, 0.74027
161.6, 0.75353
161.7, 0.73929
161.8, 0.76185
161.9, 0.75394
162.0, 0.76969
162.1, 0.76356
162.2, 0.73966
162.3, 0.76861
162.4, 0.75063
162.5, 0.74607
162.6, 0.74930
162.7, 0.72284
162.8, 0.70913
162.9, 0.78965
163.0, 0.76718
163.1, 0.75247
163.2, 0.76534
163.3, 0.79573
163.4, 0.76525
163.5, 0.76742
163.6, 0.72917
163.7, 0.74644
163.8, 0.78528
163.9, 0.77709
164.0, 0.77336
164.1, 0.79998
164.2, 0.80107
164.3, 0.76134
164.4, 0.78563
164.5, 0.80655
164.6, 0.76095
164.7, 0.80125
164.8, 0.77848
164.9, 0.77696
165.0, 0.77454
165.1, 0.78722
165.2, 0.76395
165.3, 0.76057
165.4, 0.79804
165.5, 0.80160
165.6, 0.78190
165.7, 0.78739
165.8, 0.81321
165.9, 0.76270
166.0, 0.78715
166.1, 0.78022
166.2, 0.78422
166.3, 0.75622
166.4, 0.80523
166.5, 0.79905
166.6, 0.81324
166.7, 0.78392
166.8, 0.81105
166.9, 0.80618
167.0, 0.81335
167.1, 0.79016
167.2, 0.78695
167.3, 0.84578
167.4, 0.76136
167.5, 0.81658
167.6, 0.79228
167.7, 0.84253
167.8, 0.81841
167.9, 0.80496
168.0, 0.82073
168.1, 0.80945
168.2, 0.84887
168.3, 0.81490
168.4, 0.79979
168.5, 0.80413
168.6, 0.81196
168.7, 0.81463
168.8, 0.80616
168.9, 0.83086
169.0, 0.83726
169.1, 0.85725
169.2, 0.84575
169.3, 0.83760
169.4, 0.84205
169.5, 0.82112
169.6, 0.85242
169.7, 0.82705
169.8, 0.83427
169.9, 0.84590
170.0, 0.84336
170.1, 0.83139
170.2, 0.83895
170.3, 0.81770
170.4, 0.82623
170.5, 0.89118
170.6, 0.84254
170.7, 0.78601
170.8, 0.81471
170.9, 0.83036
171.0, 0.84424
171.1, 0.83324
171.2, 0.86007
171.3, 0.84047
171.4, 0.84847
171.5, 0.82949
171.6, 0.84152
171.7, 0.84071
171.8, 0.83305
171.9, 0.84486
172.0, 0.82255
172.1, 0.86342
172.2, 0.82936
172.3, 0.82710
172.4, 0.84246
172.5, 0.84646
172.6, 0.83247
172.7, 0.82264
172.8, 0.85524
172.9, 0.87309
173.0, 0.86301
173.1, 0.87059
173.2, 0.89035
173.3, 0.84345
173.4, 0.85675
173.5, 0.86552
173.6, 0.85476
173.7, 0.85328
173.8, 0.86643
173.9, 0.85982
174.0, 0.84053
174.1, 0.86753
174.2, 0.85431
174.3, 0.83981
174.4, 0.82517
174.5, 0.83907
174.6, 0.85600
174.7, 0.84280
174.8, 0.84560
174.9, 0.84551
175.0, 0.88251
175.1, 0.87896
175.2, 0.88168
175.3, 0.85747
175.4, 0.85906
175.5, 0.87952
175.6, 0.89687
175.7, 0.88006
175.8, 0.85329
175.9, 0.86722
176.0, 0.88675
176.1, 0.86371
176.2, 0.85753
176.3, 0.87305
176.4, 0.87637
176.5, 0.87254
176.6, 0.87847
176.7, 0.90437
176.8, 0.89774
176.9, 0.86064
177.0, 0.88985
177.1, 0.88140
177.2, 0.88047
177.3, 0.86189
177.4, 0.87451
177.5, 0.91277
177.6, 0.89404
177.7, 0.87350
177.8, 0.90750
177.9, 0.88530
178.0, 0.92335
178.1, 0.91387
178.2, 0.90147
178.3, 0.91153
178.4, 0.86850
178.5, 0.88368
178.6, 0.91289
178.7, 0.89104
178.8, 0.92041
178.9, 0.89786
179.0, 0.90018
179.1, 0.89743
179.2, 0.91052
179.3, 0.91921
179.4, 0.87402
179.5, 0.90451
179.6, 0.88062
179.7, 0.91583
179.8, 0.88142
179.9, 0.91288
180.1, 0.89577
180.2, 0.89827
180.3, 0.88473
180.4, 0.92305
180.5, 0.89893
180.6, 0.87962
180.7, 0.91243
180.8, 0.93587
180.9, 0.90442
181.0, 0.92907
181.1, 0.91540
181.2, 0.86043
181.3, 0.93221
181.4, 0.91739
181.5, 0.89754
181.6, 0.90221
181.7, 0.91740
181.8, 0.90029
181.9, 0.91998
182.0, 0.89984
182.1, 0.91864
182.2, 0.94813
182.3, 0.94369
182.4, 0.94320
182.5, 0.92429
182.6, 0.89444
182.7, 0.94423
182.8, 0.91182
182.9, 0.92095
183.0, 0.93167
183.1, 0.92700
183.2, 0.88725
183.3, 0.95806
183.4, 0.95645
183.5, 0.92873
183.6, 0.91942
183.7, 0.93306
183.8, 0.88190
183.9, 0.90218
184.0, 0.92511
184.1, 0.90026
184.2, 0.95538
184.3, 0.91168
184.4, 0.92143
184.5, 0.93349
184.6, 0.89890
184.7, 0.96295
184.8, 0.94705
184.9, 0.93966
185.0, 0.92542
185.1, 0.91854
185.2, 0.91454
185.3, 0.92320
185.4, 0.91904
185.5, 0.92149
185.6, 0.93753
185.7, 0.94128
185.8, 0.92874
185.9, 0.94042
186.0, 0.93706
186.1, 0.96169
186.2, 0.96260
186.3, 0.94449
186.4, 0.95046
186.5, 0.93948
186.6, 0.93314
186.7, 0.94022
186.8, 0.92644
186.9, 0.94246
187.0, 0.92310
187.1, 0.90900
187.2, 0.92959
187.3, 0.96464
187.4, 0.93850
187.5, 0.92999
187.6, 0.98387
187.7, 0.92456
187.8, 0.94420
187.9, 0.92698
188.0, 0.92467
188.1, 0.92628
188.2, 0.92817
188.3, 0.95487
188.4, 0.94428
188.5, 0.92320
188.6, 0.94048
188.7, 0.92548
188.8, 0.91893
188.9, 0.93938
189.0, 0.95163
189.1, 0.97263
189.2, 0.95828
189.3, 0.94549
189.4, 0.95019
189.5, 0.94134
189.6, 0.96177
189.7, 0.92912
189.8, 0.95809
189.9, 0.97398
190.0, 0.93453
190.1, 0.93720
190.2, 0.94667
190.3, 0.93699
190.4, 0.95556
190.5, 0.94573
190.6, 0.88942
190.7, 0.94900
190.8, 0.94790
190.9, 0.96056
191.0, 0.93824
191.1, 0.98242
191.2, 0.96883
191.3, 0.96501
191.4, 0.95523
191.5, 0.98035
191.6, 0.94038
191.7, 0.96172
191.8, 0.96773
191.9, 0.97833
192.0, 0.96605
192.1, 0.96670
192.2, 0.94608
192.3, 0.95717
192.4, 0.99094
192.5, 0.94573
192.6, 0.97015
192.7, 0.96328
192.8, 0.97181
192.9, 0.96132
193.0, 0.94825
193.1, 0.94918
193.2, 0.91982
193.3, 0.94155
193.4, 0.94799
193.5, 0.94646
193.6, 0.95859
193.7, 0.94192
193.8, 0.96753
193.9, 0.95801
194.0, 0.95128
194.1, 0.95237
194.2, 0.99661
194.3, 0.93766
194.4, 0.93498
194.5, 0.94324
194.6, 0.94463
194.7, 0.94224
194.8, 0.96279
194.9, 0.93744
195.0, 0.97936
195.1, 0.96673
195.2, 0.94458
195.3, 0.96125
195.4, 0.99225
195.5, 0.93592
195.6, 0.96234
195.7, 0.93893
195.8, 0.99068
195.9, 0.97956
196.0, 0.93803
196.1, 0.98546
196.2, 0.93801
196.3, 0.95537
196.4, 0.98361
196.5, 0.96257
196.6, 0.94124
196.7, 0.94801
196.8, 0.95002
196.9, 0.94940
197.0, 0.94733
197.1, 0.93087
197.2, 0.95612
197.3, 1.00000
197.4, 0.97542
197.5, 0.95422
197.6, 0.98865
197.7, 0.99356
197.8, 0.97690
197.9, 0.95669
198.0, 0.95686
198.1, 0.95949
198.2, 0.95792
198.3, 0.97775
198.4, 0.96135
198.5, 0.96641
198.6, 0.93784
198.7, 0.93311
198.8, 0.97541
198.9, 0.97221
199.0, 0.99161
199.1, 0.98367
199.2, 0.95417
199.3, 0.97645
199.4, 0.97420
199.5, 0.95534
199.6, 0.95897
199.7, 0.98501
199.8, 0.98968
199.9, 0.91140
200.0, 0.95828
200.1, 0.97532
200.2, 0.96040
200.3, 0.97648
200.4, 0.96251
200.5, 0.94197
200.6, 0.95192
200.7, 0.97214
200.8, 0.95568
200.9, 0.97895
201.0, 0.97719
201.1, 0.95885
201.2, 0.93146
201.3, 0.97541
201.4, 0.97427
201.5, 0.97253
201.6, 0.95460
201.7, 0.93571
201.8, 0.95859
201.9, 0.92667
202.0, 0.94474
202.1, 0.99088
202.2, 0.96548
202.3, 0.95007
202.4, 0.96766
202.5, 0.95717
202.6, 0.94040
202.7, 0.93657
202.8, 0.98096
202.9, 0.94821
203.0, 0.94649
203.1, 0.95130
203.2, 0.97574
203.3, 0.97020
203.4, 0.96468
203.5, 0.96180
203.6, 0.96574
203.7, 0.95871
203.8, 0.95557
203.9, 0.93459
204.0, 0.96206
204.1, 0.95366
204.2, 0.97168
204.3, 0.95022
204.4, 0.97076
204.5, 0.94761
204.6, 0.96090
204.7, 0.93975
204.8, 0.92469
204.9, 0.94667
205.0, 0.95885
205.1, 0.94025
205.2, 0.96767
205.3, 0.97185
205.4, 0.93702
205.5, 0.96763
205.6, 0.93317
205.7, 0.95714
205.8, 0.96924
205.9, 0.94514
206.0, 0.97105
206.1, 0.96044
206.2, 0.95367
206.3, 0.93616
206.4, 0.95585
206.5, 0.93108
206.6, 0.95764
206.7, 0.96915
206.8, 0.93856
206.9, 0.95410
207.0, 0.93046
207.1, 0.96019
207.2, 0.95419
207.3, 0.95459
207.4, 0.92697
207.5, 0.96921
207.6, 0.95091
207.7, 0.94414
207.8, 0.96461
207.9, 0.95237
208.0, 0.92766
208.1, 0.95153
208.2, 0.92553
208.3, 0.93635
208.4, 0.93233
208.5, 0.95413
208.6, 0.94778
208.7, 0.95122
208.8, 0.98458
208.9, 0.96285
209.0, 0.94906
209.1, 0.94739
209.2, 0.93948
209.3, 0.90926
209.4, 0.93577
209.5, 0.90415
209.6, 0.96816
209.7, 0.94501
209.8, 0.92116
209.9, 0.96005
210.0, 0.91738
210.1, 0.90435
210.2, 0.94677
210.3, 0.91185
210.4, 0.95370
210.5, 0.92066
210.6, 0.93156
210.7, 0.91098
210.8, 0.91242
210.9, 0.94461
211.0, 0.89044
211.1, 0.91972
211.2, 0.93207
211.3, 0.93325
211.4, 0.96971
211.5, 0.93904
211.6, 0.91277
211.7, 0.91150
211.8, 0.95534
211.9, 0.93853
212.0, 0.89689
212.1, 0.91897
212.2, 0.93078
212.3, 0.92142
212.4, 0.88836
212.5, 0.94613
212.6, 0.94824
212.7, 0.94248
212.8, 0.92541
212.9, 0.92539
213.0, 0.94830
213.1, 0.90244
213.2, 0.92457
213.3, 0.89553
213.4, 0.90043
213.5, 0.92826
213.6, 0.92589
213.7, 0.90947
213.8, 0.89649
213.9, 0.92058
214.0, 0.92452
214.1, 0.93756
214.2, 0.91260
214.3, 0.93778
214.4, 0.92558
214.5, 0.93181
214.6, 0.91806
214.7, 0.91668
214.8, 0.92666
214.9, 0.92765
215.0, 0.92277
215.1, 0.90255
215.2, 0.90778
215.3, 0.94142
215.4, 0.92641
215.5, 0.92320
215.6, 0.93291
215.7, 0.89354
215.8, 0.88566
215.9, 0.88707
216.0, 0.90401
216.1, 0.92764
216.2, 0.89751
216.3, 0.89055
216.4, 0.90474
216.5, 0.90094
216.6, 0.90571
216.7, 0.89381
216.8, 0.88250
216.9, 0.87817
217.0, 0.88779
217.1, 0.88248
217.2, 0.91770
217.3, 0.88250
217.4, 0.89725
217.5, 0.92572
217.6, 0.84974
217.7, 0.85640
217.8, 0.86830
217.9, 0.87921
218.0, 0.90466
218.1, 0.90984
218.2, 0.87622
218.3, 0.84942
218.4, 0.88831
218.5, 0.88484
218.6, 0.86026
218.7, 0.88244
218.8, 0.90019
218.9, 0.86246
219.0, 0.87355
219.1, 0.89170
219.2, 0.86327
219.3, 0.85550
219.4, 0.85176
219.5, 0.84650
219.6, 0.89274
219.7, 0.83659
219.8, 0.87830
219.9, 0.88150
220.0, 0.88310
220.1, 0.86939
220.2, 0.88037
220.3, 0.84724
220.4, 0.80831
220.5, 0.88745
220.6, 0.83245
220.7, 0.85796
220.8, 0.86269
220.9, 0.90182
221.0, 0.84200
221.1, 0.87514
221.2, 0.82289
221.3, 0.89653
221.4, 0.86270
221.5, 0.89813
221.6, 0.85508
221.7, 0.84111
221.8, 0.83599
221.9, 0.90251
222.0, 0.87123
222.1, 0.85988
222.2, 0.83346
222.3, 0.85436
222.4, 0.85352
222.5, 0.83823
222.6, 0.88461
222.7, 0.81655
222.8, 0.85053
222.9, 0.83910
223.0, 0.81525
223.1, 0.83386
223.2, 0.82959
223.3, 0.82789
223.4, 0.85074
223.5, 0.84690
223.6, 0.84085
223.7, 0.82756
223.8, 0.81745
223.9, 0.83117
224.0, 0.83859
224.1, 0.83202
224.2, 0.82985
224.3, 0.83256
224.4, 0.81627
224.5, 0.81002
224.6, 0.81771
224.7, 0.79952
224.8, 0.81954
224.9, 0.80116
225.0, 0.80637
225.1, 0.85174
225.2, 0.78722
225.3, 0.81648
225.4, 0.85254
225.5, 0.82108
225.6, 0.79517
225.7, 0.81745
225.8, 0.82331
225.9, 0.81502
226.0, 0.80168
226.1, 0.83040
226.2, 0.81165
226.3, 0.79670
226.4, 0.83010
226.5, 0.82037
226.6, 0.77832
226.7, 0.81985
226.8, 0.79459
226.9, 0.78736
227.0, 0.78538
227.1, 0.78401
227.2, 0.77339
227.3, 0.73921
227.4, 0.77358
227.5, 0.77287
227.6, 0.77778
227.7, 0.79524
227.8, 0.78241
227.9, 0.76992
228.0, 0.81033
228.1, 0.79947
228.2, 0.79109
228.3, 0.78974
228.4, 0.76621
228.5, 0.80046
228.6, 0.81619
228.7, 0.76928
228.8, 0.79103
228.9, 0.75110
229.0, 0.77751
229.1, 0.76446
229.2, 0.78092
229.3, 0.78041
229.4, 0.78152
229.5, 0.78162
229.6, 0.76545
229.7, 0.72623
229.8, 0.75796
229.9, 0.76050
230.0, 0.76003
230.1, 0.76161
230.2, 0.77390
230.3, 0.76794
230.4, 0.79623
230.5, 0.76213
230.6, 0.75554
230.7, 0.77478
230.8, 0.76104
230.9, 0.78099
231.0, 0.76392
231.1, 0.73198
231.2, 0.74541
231.3, 0.76645
231.4, 0.74092
231.5, 0.73523
231.6, 0.74994
231.7, 0.72433
231.8, 0.73630
231.9, 0.71104
232.0, 0.75926
232.1, 0.69196
232.2, 0.74529
232.3, 0.73377
232.4, 0.70951
232.5, 0.68854
232.6, 0.72351
232.7, 0.69733
232.8, 0.72820
232.9, 0.70034
233.0, 0.71495
233.1, 0.69746
233.2, 0.71342
233.3, 0.72039
233.4, 0.65954
233.5, 0.68177
233.6, 0.71857
233.7, 0.70155
233.8, 0.71269
233.9, 0.69091
234.0, 0.72055
234.1, 0.73019
234.2, 0.71939
234.3, 0.67162
234.4, 0.71175
234.5, 0.67682
234.6, 0.71180
234.7, 0.71360
234.8, 0.69754
234.9, 0.68660
235.0, 0.69627
235.1, 0.67136
235.2, 0.65883
235.3, 0.67416
235.4, 0.68167
235.5, 0.71688
235.6, 0.67329
235.7, 0.69731
235.8, 0.67685
235.9, 0.69048
236.0, 0.70949
236.1, 0.65579
236.2, 0.67550
236.3, 0.66850
236.4, 0.65114
236.5, 0.65580
236.6, 0.65642
236.7, 0.64725
236.8, 0.64385
236.9, 0.65908
237.0, 0.65402
237.1, 0.64940
237.2, 0.65074
237.3, 0.63473
237.4, 0.66849
237.5, 0.64553
237.6, 0.65852
237.7, 0.65136
237.8, 0.67988
237.9, 0.67140
238.0, 0.61620
238.1, 0.59718
238.2, 0.63808
238.3, 0.65211
238.4, 0.64566
238.5, 0.64737
238.6, 0.64071
238.7, 0.63380
238.8, 0.62219
238.9, 0.61633
239.0, 0.64579
239.1, 0.62548
239.2, 0.65745
239.3, 0.61486
239.4, 0.58217
239.5, 0.63985
239.6, 0.61622
239.7, 0.64025
239.8, 0.60053
239.9, 0.63461
240.0, 0.59613
240.1, 0.61406
240.2, 0.62885
240.3, 0.62026
240.4, 0.62538
240.5, 0.57638
240.6, 0.58412
240.7, 0.62612
240.8, 0.56221
240.9, 0.58290
241.0, 0.58406
241.1, 0.56905
241.2, 0.57628
241.3, 0.61352
241.4, 0.60938
241.5, 0.58950
241.6, 0.59158
241.7, 0.56294
241.8, 0.55999
241.9, 0.56623
242.0, 0.56751
242.1, 0.56416
242.2, 0.59202
242.3, 0.59015
242.4, 0.56345
242.5, 0.58341
242.6, 0.59378
242.7, 0.57813
242.8, 0.55731
242.9, 0.53101
243.0, 0.56872
243.1, 0.55505
243.2, 0.52730
243.3, 0.54997
243.4, 0.56088
243.5, 0.55028
243.6, 0.56238
243.7, 0.53661
243.8, 0.55849
243.9, 0.52081
244.0, 0.52774
244.1, 0.55990
244.2, 0.55219
244.3, 0.51861
244.4, 0.54987
244.5, 0.51340
244.6, 0.51680
244.7, 0.54003
244.8, 0.55498
244.9, 0.51580
245.0, 0.54340
245.1, 0.54149
245.2, 0.53531
245.3, 0.54361
245.4, 0.50609
245.5, 0.50021
245.6, 0.49715
245.7, 0.49635
245.8, 0.47117
245.9, 0.51510
246.0, 0.49834
246.1, 0.53093
246.2, 0.51321
246.3, 0.52005
246.4, 0.53235
246.5, 0.50007
246.6, 0.51050
246.7, 0.47610
246.8, 0.46891
246.9, 0.51503
247.0, 0.49364
247.1, 0.51192
247.2, 0.47768
247.3, 0.48082
247.4, 0.48152
247.5, 0.46319
247.6, 0.48449
247.7, 0.47091
247.8, 0.46360
247.9, 0.48397
248.0, 0.46816
248.1, 0.46620
248.2, 0.43221
248.3, 0.49108
248.4, 0.47107
248.5, 0.46849
248.6, 0.47371
248.7, 0.46880
248.8, 0.46454
248.9, 0.48607
249.0, 0.45249
249.1, 0.47208
249.2, 0.47173
249.3, 0.45311
249.4, 0.45581
249.5, 0.45322
249.6, 0.44890
249.7, 0.43608
249.8, 0.44862
249.9, 0.44129
250.0, 0.44323
250.1, 0.43180
250.2, 0.42196
250.3, 0.43009
250.4, 0.45319
250.5, 0.43124
250.6, 0.38553
250.7, 0.42923
250.8, 0.45664
250.9, 0.44773
251.0, 0.41429
251.1, 0.40552
251.2, 0.39084
251.3, 0.39997
251.4, 0.40010
251.5, 0.40384
251.6, 0.41299
251.7, 0.40468
251.8, 0.43178
251.9, 0.42683
252.0, 0.40814
252.1, 0.40313
252.2, 0.41348
252.3, 0.42689
252.4, 0.36377
252.5, 0.36362
252.6, 0.38685
252.7, 0.37525
252.8, 0.39760
252.9, 0.37148
253.0, 0.38688
253.1, 0.37326
253.2, 0.35974
253.3, 0.38102
253.4, 0.37245
253.5, 0.34689
253.6, 0.37195
253.7, 0.39216
253.8, 0.35973
253.9, 0.36587
254.0, 0.34581
254.1, 0.39324
254.2, 0.35918
254.3, 0.34707
254.4, 0.33024
254.5, 0.32553
254.6, 0.33427
254.7, 0.31110
254.8, 0.37980
254.9, 0.35147
255.0, 0.34111
255.1, 0.36823
255.2, 0.31427
255.3, 0.32928
255.4, 0.31763
255.5, 0.33431
255.6, 0.32028
255.7, 0.32450
255.8, 0.31257
255.9, 0.30526
256.0, 0.31106
256.1, 0.28762
256.2, 0.32043
256.3, 0.32286
256.4, 0.31107
256.5, 0.30954
256.6, 0.26258
256.7, 0.33358
256.8, 0.33339
256.9, 0.30551
257.0, 0.32602
257.1, 0.28492
257.2, 0.31621
257.3, 0.29270
257.4, 0.27028
257.5, 0.30892
257.6, 0.26691
257.7, 0.32003
257.8, 0.30384
257.9, 0.29133
258.0, 0.29191
258.1, 0.29113
258.2, 0.27384
258.3, 0.25697
258.4, 0.24243
258.5, 0.24281
258.6, 0.25985
258.7, 0.26868
258.8, 0.25541
258.9, 0.26134
259.0, 0.25731
259.1, 0.24155
259.2, 0.27082
259.3, 0.27605
259.4, 0.23147
259.5, 0.25807
259.6, 0.23548
259.7, 0.25019
259.8, 0.24568
259.9, 0.22358
260.0, 0.24355
260.1, 0.23134
260.2, 0.24651
260.3, 0.24497
260.4, 0.20916
260.5, 0.25353
260.6, 0.22419
260.7, 0.24163
260.8, 0.23246
260.9, 0.23990
261.0, 0.19503
261.1, 0.21728
261.2, 0.22328
261.3, 0.20839
261.4, 0.18801
261.5, 0.21124
261.6, 0.19724
261.7, 0.18786
261.8, 0.18901
261.9, 0.19541
262.0, 0.22016
262.1, 0.19055
262.2, 0.18200
262.3, 0.19006
262.4, 0.16628
262.5, 0.17746
262.6, 0.17582
262.7, 0.15110
262.8, 0.16156
262.9, 0.15529
263.0, 0.14807
263.1, 0.15912
263.2, 0.15411
263.3, 0.18059
263.4, 0.16664
263.5, 0.16895
263.6, 0.16244
263.7, 0.15949
263.8, 0.13042
263.9, 0.15812
264.0, 0.15242
264.1, 0.15523
264.2, 0.17672
264.3, 0.13082
264.4, 0.14180
264.5, 0.15649
264.6, 0.14956
264.7, 0.13236
264.8, 0.14405
264.9, 0.13951
265.0, 0.13618
265.1, 0.15351
265.2, 0.10553
265.3, 0.14630
265.4, 0.12321
265.5, 0.14061
265.6, 0.12016
265.7, 0.12994
265.8, 0.09381
265.9, 0.14083
266.0, 0.10635
266.1, 0.12205
266.2, 0.13350
266.3, 0.12150
266.4, 0.12482
266.5, 0.11040
266.6, 0.09536
266.7, 0.08551
266.8, 0.11473
266.9, 0.10039
267.0, 0.06364
267.1, 0.09970
267.2, 0.06402
267.3, 0.06317
267.4, 0.07715
267.5, 0.05189
267.6, 0.08118
267.7, 0.05084
267.8, 0.07480
267.9, 0.04343
268.0, 0.04752
268.1, 0.07102
268.2, 0.04733
268.3, 0.09751
268.4, 0.09451
268.5, 0.06154
268.6, 0.08174
268.7, 0.04799
268.8, 0.04814
268.9, 0.05495
269.0, 0.07059
269.1, 0.05540
269.2, 0.04326
269.3, 0.03369
269.4, 0.02502
269.5, 0.04098
269.6, 0.04362
269.7, 0.03504
269.8, 0.00989
269.9, 0.03186
270.0, 0.01898
270.1, 0.03017
270.2, 0.03818
270.3, 0.01960
270.4, 0.05606
270.5, 0.01989
270.6, 0.05432
270.7, 0.06601
270.8, 0.02948
270.9, 0.06680
271.0, 0.02574
271.1, 0.02223
271.2, 0.00000
271.3, 0.02845
271.4, 0.04533
271.5, 0.06324
271.6, 0.01289
271.7, 0.04055
271.8, 0.02351
271.9, 0.04538
272.0, 0.02824
272.1, 0.04807
272.2, 0.03950
272.3, 0.06669
272.4, 0.02566
272.5, 0.06271
272.6, 0.05226
272.7, 0.05634
272.8, 0.03406
272.9, 0.07723
273.0, 0.06863
273.1, 0.05033
273.2, 0.02759
273.3, 0.04239
273.4, 0.06909
273.5, 0.03820
273.6, 0.00506
273.7, 0.04766
273.8, 0.06338
273.9, 0.03399
274.0, 0.07833
274.1, 0.03977
274.2, 0.09153
274.3, 0.06771
274.4, 0.03333
274.5, 0.01293
274.6, 0.09427
274.7, 0.09503
274.8, 0.07148
274.9, 0.04548
275.0, 0.08324
275.1, 0.08116
275.2, 0.04079
275.3, 0.08625
275.4, 0.05194
275.5, 0.08336
275.6, 0.06363
275.7, 0.06153
275.8, 0.12000
275.9, 0.07556
276.0, 0.07832
276.1, 0.09321
276.2, 0.09277
276.3, 0.08262
276.4, 0.08406
276.5, 0.06085
276.6, 0.08280
276.7, 0.05748
276.8, 0.07852
276.9, 0.07689
277.0, 0.09973
277.1, 0.07010
277.2, 0.08382
277.3, 0.08002
277.4, 0.07344
277.5, 0.10608
277.6, 0.08872
277.7, 0.10599
277.8, 0.10645
277.9, 0.11151
278.0, 0.09479
278.1, 0.07769
278.2, 0.11508
278.3, 0.09695
278.4, 0.10122
278.5, 0.09109
278.6, 0.11181
278.7, 0.12003
278.8, 0.09494
278.9, 0.12904
279.0, 0.12453
279.1, 0.08548
279.2, 0.12469
279.3, 0.08066
279.4, 0.12412
279.5, 0.11430
279.6, 0.11330
279.7, 0.11031
279.8, 0.07350
279.9, 0.08327
280.0, 0.11124
280.1, 0.13250
280.2, 0.14678
280.3, 0.12356
280.4, 0.12607
280.5, 0.12955
280.6, 0.10102
280.7, 0.12310
280.8, 0.11411
280.9, 0.12995
281.0, 0.10950
281.1, 0.13157
281.2, 0.12582
281.3, 0.12041
281.4, 0.15774
281.5, 0.15956
281.6, 0.13391
281.7, 0.13883
281.8, 0.13518
281.9, 0.11322
282.0, 0.14011
282.1, 0.13066
282.2, 0.13420
282.3, 0.16514
282.4, 0.16313
282.5, 0.12780
282.6, 0.11690
282.7, 0.14593
282.8, 0.12335
282.9, 0.14648
283.0, 0.16098
283.1, 0.13262
283.2, 0.11304
283.3, 0.17687
283.4, 0.14336
283.5, 0.17234
283.6, 0.15120
283.7, 0.11422
283.8, 0.13577
283.9, 0.15370
284.0, 0.13682
284.1, 0.14979
284.2, 0.13908
284.3, 0.15497
284.4, 0.14520
284.5, 0.16462
284.6, 0.14865
284.7, 0.16593
284.8, 0.14436
284.9, 0.18716
285.0, 0.16571
285.1, 0.15938
285.2, 0.14059
285.3, 0.16968
285.4, 0.15761
285.5, 0.15188
285.6, 0.15390
285.7, 0.17288
285.8, 0.13471
285.9, 0.18227
286.0, 0.20084
286.1, 0.18523
286.2, 0.15409
286.3, 0.16999
286.4, 0.17657
286.5, 0.18646
286.6, 0.19538
286.7, 0.17265
286.8, 0.16734
286.9, 0.18940
287.0, 0.18755
287.1, 0.15268
287.2, 0.20549
287.3, 0.19395
287.4, 0.21474
287.5, 0.18290
287.6, 0.21414
287.7, 0.19617
287.8, 0.17782
287.9, 0.19683
288.0, 0.16634
288.1, 0.18847
288.2, 0.21966
288.3, 0.20447
288.4, 0.21349
288.5, 0.19368
288.6, 0.19793
288.7, 0.18793
288.8, 0.21230
288.9, 0.15470
289.0, 0.22491
289.1, 0.20274
289.2, 0.21358
289.3, 0.18636
289.4, 0.21694
289.5, 0.21315
289.6, 0.23791
289.7, 0.20582
289.8, 0.20828
289.9, 0.23300
290.0, 0.22040
290.1, 0.22902
290.2, 0.23154
290.3, 0.22398
290.4, 0.20346
290.5, 0.21690
290.6, 0.19502
290.7, 0.21403
290.8, 0.20658
290.9, 0.24607
291.0, 0.21920
291.1, 0.21147
291.2, 0.21573
291.3, 0.21916
291.4, 0.23376
291.5, 0.22595
291.6, 0.21500
291.7, 0.23748
291.8, 0.20586
291.9, 0.21545
292.0, 0.24216
292.1, 0.22167
292.2, 0.24880
292.3, 0.21938
292.4, 0.24540
292.5, 0.26109
292.6, 0.22298
292.7, 0.25133
292.8, 0.24100
292.9, 0.24297
293.0, 0.23788
293.1, 0.22267
293.2, 0.25178
293.3, 0.23235
293.4, 0.23627
293.5, 0.24506
293.6, 0.25785
293.7, 0.25972
293.8, 0.26257
293.9, 0.27933
294.0, 0.24531
294.1, 0.22710
294.2, 0.21591
294.3, 0.26722
294.4, 0.23661
294.5, 0.29743
294.6, 0.22201
294.7, 0.26848
294.8, 0.26592
294.9, 0.24969
295.0, 0.26162
295.1, 0.26704
295.2, 0.26664
295.3, 0.28537
295.4, 0.26911
295.5, 0.26698
295.6, 0.26193
295.7, 0.25881
295.8, 0.27284
295.9, 0.27835
296.0, 0.22763
296.1, 0.27256
296.2, 0.26236
296.3, 0.28908
296.4, 0.27643
296.5, 0.28130
296.6, 0.31805
296.7, 0.28627
296.8, 0.25158
296.9, 0.27900
297.0, 0.28505
297.1, 0.26667
297.2, 0.29005
297.3, 0.26215
297.4, 0.24012
297.5, 0.29410
297.6, 0.31412
297.7, 0.28495
297.8, 0.31487
297.9, 0.29668
298.0, 0.33740
298.1, 0.30894
298.2, 0.28826
298.3, 0.28236
298.4, 0.30704
298.5, 0.30949
298.6, 0.28062
298.7, 0.32071
298.8, 0.29775
298.9, 0.31358
299.0, 0.32299
299.1, 0.32030
299.2, 0.33155
299.3, 0.31840
299.4, 0.30652
299.5, 0.29400
299.6, 0.29516
299.7, 0.29493
299.8, 0.31862
299.9, 0.31885
300.0, 0.30687
300.1, 0.33257
300.2, 0.30849
300.3, 0.30392
300.4, 0.31494
300.5, 0.33595
300.6, 0.32713
300.7, 0.31217
300.8, 0.32964
300.9, 0.32043
301.0, 0.31657
301.1, 0.33294
301.2, 0.27179
301.3, 0.33899
301.4, 0.35397
301.5, 0.29237
301.6, 0.34249
301.7, 0.33390
301.8, 0.32049
301.9, 0.32888
302.0, 0.35104
302.1, 0.31695
302.2, 0.34050
302.3, 0.34016
302.4, 0.36379
302.5, 0.31216
302.6, 0.31659
302.7, 0.34609
302.8, 0.32919
302.9, 0.32307
303.0, 0.33935
303.1, 0.32474
303.2, 0.38157
303.3, 0.33691
303.4, 0.35309
303.5, 0.39351
303.6, 0.37303
303.7, 0.35473
303.8, 0.34102
303.9, 0.34695
304.0, 0.32298
304.1, 0.33573
304.2, 0.36997
304.3, 0.35156
304.4, 0.36951
304.5, 0.37143
304.6, 0.37053
304.7, 0.36015
304.8, 0.37581
304.9, 0.35637
305.0, 0.38973
305.1, 0.38157
305.2, 0.39547
305.3, 0.39231
305.4, 0.36478
305.5, 0.37189
305.6, 0.37686
305.7, 0.39555
305.8, 0.38162
305.9, 0.35601
306.0, 0.36951
306.1, 0.39537
306.2, 0.38913
306.3, 0.41279
306.4, 0.35873
306.5, 0.37934
306.6, 0.37143
306.7, 0.38454
306.8, 0.40368
306.9, 0.40890
307.0, 0.38983
307.1, 0.36379
307.2, 0.36260
307.3, 0.40817
307.4, 0.38698
307.5, 0.39850
307.6, 0.38004
307.7, 0.38465
307.8, 0.35950
307.9, 0.37865
308.0, 0.40748
308.1, 0.42379
308.2, 0.40649
308.3, 0.39920
308.4, 0.36658
308.5, 0.36426
308.6, 0.44409
308.7, 0.39162
308.8, 0.42042
308.9, 0.42069
309.0, 0.40745
309.1, 0.42689
309.2, 0.42767
309.3, 0.40712
309.4, 0.41009
309.5, 0.41187
309.6, 0.40470
309.7, 0.45291
309.8, 0.40820
309.9, 0.40180
310.0, 0.42537
310.1, 0.42765
310.2, 0.42091
310.3, 0.42812
310.4, 0.43389
310.5, 0.43547
310.6, 0.45611
310.7, 0.39863
310.8, 0.41386
310.9, 0.41290
311.0, 0.43159
311.1, 0.46954
311.2, 0.43243
311.3, 0.40551
311.4, 0.41144
311.5, 0.41160
311.6, 0.44027
311.7, 0.42430
311.8, 0.44129
311.9, 0.45760
312.0, 0.45093
312.1, 0.43175
312.2, 0.45062
312.3, 0.45029
312.4, 0.43677
312.5, 0.45357
312.6, 0.41954
312.7, 0.45982
312.8, 0.42979
312.9, 0.49661
313.0, 0.46070
313.1, 0.45095
313.2, 0.45821
313.3, 0.47382
313.4, 0.45507
313.5, 0.43827
313.6, 0.47484
313.7, 0.45700
313.8, 0.44828
313.9, 0.47234
314.0, 0.45511
314.1, 0.47600
314.2, 0.47391
314.3, 0.46980
314.4, 0.44616
314.5, 0.45691
314.6, 0.46840
314.7, 0.49036
314.8, 0.45759
314.9, 0.45375
315.0, 0.48840
315.1, 0.48894
315.2, 0.49090
315.3, 0.48249
315.4, 0.46663
315.5, 0.43472
315.6, 0.47554
315.7, 0.46774
315.8, 0.46823
315.9, 0.48582
316.0, 0.51547
316.1, 0.50377
316.2, 0.50703
316.3, 0.47178
316.4, 0.47794
316.5, 0.51741
316.6, 0.51406
316.7, 0.47334
316.8, 0.48284
316.9, 0.48831
317.0, 0.50928
317.1, 0.49798
317.2, 0.49785
317.3, 0.45601
317.4, 0.49429
317.5, 0.47755
317.6, 0.48461
317.7, 0.50199
317.8, 0.51489
317.9, 0.51816
318.0, 0.49950
318.1, 0.48680
318.2, 0.50439
318.3, 0.48180
318.4, 0.49634
318.5, 0.50190
318.6, 0.51885
318.7, 0.54389
318.8, 0.53895
318.9, 0.54374
319.0, 0.53751
319.1, 0.53502
319.2, 0.52103
319.3, 0.48386
319.4, 0.50749
319.5, 0.52317
319.6, 0.53113
319.7, 0.52527
319.8, 0.49558
319.9, 0.50713
320.0, 0.53500
320.1, 0.47954
320.2, 0.54124
320.3, 0.51739
320.4, 0.53580
320.5, 0.54877
320.6, 0.52077
320.7, 0.51445
320.8, 0.53943
320.9, 0.52402
321.0, 0.51061
321.1, 0.53977
321.2, 0.53290
321.3, 0.57028
321.4, 0.52521
321.5, 0.49289
321.6, 0.57269
321.7, 0.55089
321.8, 0.57186
321.9, 0.50993
322.0, 0.53850
322.1, 0.55927
322.2, 0.55509
322.3, 0.53263
322.4, 0.54207
322.5, 0.58254
322.6, 0.50755
322.7, 0.57869
322.8, 0.54911
322.9, 0.56381
323.0, 0.53964
323.1, 0.56328
323.2, 0.56628
323.3, 0.54406
323.4, 0.54976
323.5, 0.58096
323.6, 0.54341
323.7, 0.59934
323.8, 0.58408
323.9, 0.53770
324.0, 0.57256
324.1, 0.57751
324.2, 0.54084
324.3, 0.57994
324.4, 0.57869
324.5, 0.58179
324.6, 0.56569
324.7, 0.58603
324.8, 0.59997
324.9, 0.58568
325.0, 0.58701
325.1, 0.56147
325.2, 0.58727
325.3, 0.59513
325.4, 0.53146
325.5, 0.58976
325.6, 0.60979
325.7, 0.57387
325.8, 0.59189
325.9, 0.57402
326.0, 0.58214
326.1, 0.61328
326.2, 0.60878
326.3, 0.56566
326.4, 0.63122
326.5, 0.60430
326.6, 0.59518
326.7, 0.61687
326.8, 0.59791
326.9, 0.60843
327.0, 0.57304
327.1, 0.62615
327.2, 0.64788
327.3, 0.58950
327.4, 0.59208
327.5, 0.58970
327.6, 0.58968
327.7, 0.57390
327.8, 0.60009
327.9, 0.62970
328.0, 0.61457
328.1, 0.59440
328.2, 0.60782
328.3, 0.63543
328.4, 0.61524
328.5, 0.61935
328.6, 0.64794
328.7, 0.61485
328.8, 0.61660
328.9, 0.60395
329.0, 0.62109
329.1, 0.62084
329.2, 0.64910
329.3, 0.61393
329.4, 0.60000
329.5, 0.61668
329.6, 0.62914
329.7, 0.63686
329.8, 0.64729
329.9, 0.65768
330.0, 0.63997
330.1, 0.64385
330.2, 0.62061
330.3, 0.64255
330.4, 0.62584
330.5, 0.64829
330.6, 0.62755
330.7, 0.64712
330.8, 0.65120
330.9, 0.63273
331.0, 0.65468
331.1, 0.64010
331.2, 0.62517
331.3, 0.63536
331.4, 0.63065
331.5, 0.67350
331.6, 0.65418
331.7, 0.64576
331.8, 0.62623
331.9, 0.66017
332.0, 0.65522
332.1, 0.66630
332.2, 0.67256
332.3, 0.64226
332.4, 0.65219
332.5, 0.65291
332.6, 0.66764
332.7, 0.66032
332.8, 0.66253
332.9, 0.65521
333.0, 0.64731
333.1, 0.66133
333.2, 0.65008
333.3, 0.66500
333.4, 0.66560
333.5, 0.67938
333.6, 0.68758
333.7, 0.66985
333.8, 0.67885
333.9, 0.68110
334.0, 0.68447
334.1, 0.66302
334.2, 0.69744
334.3, 0.66792
334.4, 0.64944
334.5, 0.65711
334.6, 0.67870
334.7, 0.68989
334.8, 0.66891
334.9, 0.64276
335.0, 0.65693
335.1, 0.65865
335.2, 0.72523
335.3, 0.66757
335.4, 0.65946
335.5, 0.68478
335.6, 0.68935
335.7, 0.69676
335.8, 0.67544
335.9, 0.70177
336.0, 0.72561
336.1, 0.68836
336.2, 0.71301
336.3, 0.72143
336.4, 0.72614
336.5, 0.73097
336.6, 0.71020
336.7, 0.71621
336.8, 0.70322
336.9, 0.71942
337.0, 0.71317
337.1, 0.72339
337.2, 0.67627
337.3, 0.69156
337.4, 0.66461
337.5, 0.70804
337.6, 0.71575
337.7, 0.74830
337.8, 0.70400
337.9, 0.72740
338.0, 0.70980
338.1, 0.69934
338.2, 0.72790
338.3, 0.72182
338.4, 0.72476
338.5, 0.72667
338.6, 0.73089
338.7, 0.71131
338.8, 0.69613
338.9, 0.71361
339.0, 0.73404
339.1, 0.73929
339.2, 0.75615
339.3, 0.71751
339.4, 0.72505
339.5, 0.74723
339.6, 0.72570
339.7, 0.73082
339.8, 0.73615
339.9, 0.71745
340.0, 0.69371
340.1, 0.73410
340.2, 0.74180
340.3, 0.74463
340.4, 0.72920
340.5, 0.74542
340.6, 0.76733
340.7, 0.75858
340.8, 0.72173
340.9, 0.71808
341.0, 0.71761
341.1, 0.76050
341.2, 0.75578
341.3, 0.74600
341.4, 0.73606
341.5, 0.75173
341.6, 0.79335
341.7, 0.77645
341.8, 0.77090
341.9, 0.76012
342.0, 0.75908
342.1, 0.73423
342.2, 0.76776
342.3, 0.74886
342.4, 0.77128
342.5, 0.76011
342.6, 0.76697
342.7, 0.76083
342.8, 0.77268
342.9, 0.75646
343.0, 0.77835
343.1, 0.76713
343.2, 0.79381
343.3, 0.78300
343.4, 0.75455
343.5, 0.73210
343.6, 0.75229
343.7, 0.77919
343.8, 0.77664
343.9, 0.78469
344.0, 0.75032
344.1, 0.78011
344.2, 0.75113
344.3, 0.80782
344.4, 0.74835
344.5, 0.76256
344.6, 0.76547
344.7, 0.77712
344.8, 0.79230
344.9, 0.76157
345.0, 0.76397
345.1, 0.78687
345.2, 0.79636
345.3, 0.78081
345.4, 0.78051
345.5, 0.81660
345.6, 0.76795
345.7, 0.77694
345.8, 0.79586
345.9, 0.78481
346.0, 0.78202
346.1, 0.79100
346.2, 0.79679
346.3, 0.82225
346.4, 0.80664
346.5, 0.78198
346.6, 0.81475
346.7, 0.83280
346.8, 0.82447
346.9, 0.80646
347.0, 0.77917
347.1, 0.80517
347.2, 0.79512
347.3, 0.82964
347.4, 0.81780
347.5, 0.79581
347.6, 0.82456
347.7, 0.79469
347.8, 0.81182
347.9, 0.81556
348.0, 0.81493
348.1, 0.79095
348.2, 0.78698
348.3, 0.80657
348.4, 0.81165
348.5, 0.81169
348.6, 0.82530
348.7, 0.83056
348.8, 0.82367
348.9, 0.82697
349.0, 0.82952
349.1, 0.78147
349.2, 0.81042
349.3, 0.82570
349.4, 0.86155
349.5, 0.80506
349.6, 0.86308
349.7, 0.83344
349.8, 0.85600
349.9, 0.81649
350.0, 0.84968
350.1, 0.83514
350.2, 0.82041
350.3, 0.82043
350.4, 0.82158
350.5, 0.85436
350.6, 0.80588
350.7, 0.85484
350.8, 0.84234
350.9, 0.87651
351.0, 0.83519
351.1, 0.85470
351.2, 0.82341
351.3, 0.83241
351.4, 0.84034
351.5, 0.84566
351.6, 0.82527
351.7, 0.84252
351.8, 0.83964
351.9, 0.83530
352.0, 0.86069
352.1, 0.85209
352.2, 0.83625
352.3, 0.85565
352.4, 0.87096
352.5, 0.84958
352.6, 0.86500
352.7, 0.83341
352.8, 0.88010
352.9, 0.85855
353.0, 0.84625
353.1, 0.84499
353.2, 0.83228
353.3, 0.85145
353.4, 0.85084
353.5, 0.84894
353.6, 0.86750
353.7, 0.86976
353.8, 0.85238
353.9, 0.87306
354.0, 0.86975
354.1, 0.88071
354.2, 0.85447
354.3, 0.82025
354.4, 0.85178
354.5, 0.86525
354.6, 0.88055
354.7, 0.87585
354.8, 0.87050
354.9, 0.88410
355.0, 0.86444
355.1, 0.85429
355.2, 0.90444
355.3, 0.88593
355.4, 0.85537
355.5, 0.85232
355.6, 0.89468
355.7, 0.85410
355.8, 0.84502
355.9, 0.91627
356.0, 0.87808
356.1, 0.89008
356.2, 0.86412
356.3, 0.87980
356.4, 0.87427
356.5, 0.89432
356.6, 0.88258
356.7, 0.88109
356.8, 0.88505
356.9, 0.88589
357.0, 0.89038
357.1, 0.87435
357.2, 0.90848
357.3, 0.89724
357.4, 0.89208
357.5, 0.88173
357.6, 0.88168
357.7, 0.88168
357.8, 0.87995
357.9, 0.87643
358.0, 0.90789
358.1, 0.89592
358.2, 0.87978
358.3, 0.87342
358.4, 0.87539
358.5, 0.88256
358.6, 0.92431
358.7, 0.89183
358.8, 0.91497
358.9, 0.87390
359.0, 0.88674
359.1, 0.86179
359.2, 0.88116
359.3, 0.87993
359.4, 0.88406
359.5, 0.90497
359.6, 0.92356
359.7, 0.88200
359.8, 0.89631
359.9, 0.88126
360.0, 0.90832
